Two reactions fluxes result

Flux1 : R_EX_glc_e
Flux2 : R_EX_o2_e
Objective : R_Biomass_Ecoli_core_w_GAM

Flux1	Flux2	Objective
-20.0	-19.5	1.192735
-20.0	-20.0	1.208983
-20.0	-19.0	1.176487
-20.0	-18.5	1.160239
-20.0	-17.5	1.127742
-20.0	-18.0	1.14399
-20.0	-16.5	1.095245
-20.0	-17.0	1.111494
-20.0	-16.0	1.078997
-20.0	-15.5	1.062749
-20.0	-14.5	1.030252
-20.0	-15.0	1.0465
-20.0	-13.5	0.997755
-20.0	-14.0	1.014004
-20.0	-13.0	0.981507
-20.0	-12.5	0.965259
-20.0	-11.5	0.93022
-20.0	-11.0	0.912222
-20.0	-10.5	0.894223
-20.0	-10.0	0.876225
-20.0	-9.5	0.858226
-20.0	-9.0	0.840228
-20.0	-8.5	0.822229
-20.0	-12.0	0.948219
-20.0	-7.5	0.786232
-20.0	-8.0	0.804231
-20.0	-6.5	0.750235
-20.0	-6.0	0.732236
-20.0	-7.0	0.768234
-20.0	-5.0	0.696239
-20.0	-5.5	0.714238
-20.0	-4.5	0.678241
-20.0	-4.0	0.660242
-20.0	-3.5	0.642244
-20.0	-3.0	0.624245
-20.0	-2.0	0.588248
-20.0	-2.5	0.606247
-20.0	-1.5	0.570249
-20.0	-0.5	0.534252
-20.0	-1.0	0.552251
-19.5	-20.0	1.192735
-19.5	-19.5	1.176487
-19.5	-19.0	1.160239
-19.5	-18.5	1.14399
-19.5	-18.0	1.127742
-19.5	-17.5	1.111494
-19.5	-17.0	1.095245
-19.5	-16.5	1.078997
-20.0	0.0	0.516254
-19.5	-15.5	1.0465
-19.5	-16.0	1.062749
-19.5	-15.0	1.030252
-19.5	-14.0	0.997755
-19.5	-13.5	0.981507
-19.5	-13.0	0.965259
-19.5	-12.5	0.94901
-19.5	-12.0	0.932762
-19.5	-14.5	1.014004
-19.5	-11.5	0.914991
-19.5	-10.5	0.878994
-19.5	-11.0	0.896992
-19.5	-10.0	0.860995
-19.5	-9.5	0.842997
-19.5	-9.0	0.824998
-19.5	-8.5	0.807
-19.5	-8.0	0.789001
-19.5	-7.0	0.753004
-19.5	-7.5	0.771003
-19.5	-6.5	0.735005
-19.5	-6.0	0.717007
-19.5	-5.5	0.699008
-19.5	-5.0	0.68101
-19.5	-4.5	0.663011
-19.5	-4.0	0.645013
-19.5	-3.5	0.627014
-19.5	-3.0	0.609016
-19.5	-2.5	0.591017
-19.5	-2.0	0.573018
-19.5	-1.5	0.55502
-19.5	-1.0	0.537021
-19.5	-0.5	0.519023
-19.5	0.0	0.501024
-19.0	-20.0	1.176487
-19.0	-19.5	1.160239
-19.0	-19.0	1.14399
-19.0	-18.5	1.127742
-19.0	-18.0	1.111494
-19.0	-17.5	1.095245
-19.0	-16.5	1.062749
-19.0	-16.0	1.0465
-19.0	-15.5	1.030252
-19.0	-17.0	1.078997
-19.0	-14.5	0.997755
-19.0	-15.0	1.014004
-19.0	-13.5	0.965259
-19.0	-14.0	0.981507
-19.0	-12.5	0.932762
-19.0	-13.0	0.94901
-19.0	-12.0	0.916514
-19.0	-11.5	0.899761
-19.0	-10.5	0.863764
-19.0	-11.0	0.881763
-19.0	-9.5	0.827767
-19.0	-10.0	0.845766
-19.0	-9.0	0.809769
-19.0	-8.5	0.79177
-19.0	-7.5	0.755773
-19.0	-8.0	0.773772
-19.0	-6.5	0.719776
-19.0	-7.0	0.737774
-19.0	-5.5	0.683779
-19.0	-6.0	0.701777
-19.0	-4.5	0.647782
-19.0	-5.0	0.66578
-19.0	-4.0	0.629783
-19.0	-3.5	0.611785
-19.0	-3.0	0.593786
-19.0	-2.5	0.575787
-19.0	-1.5	0.53979
-19.0	-2.0	0.557789
-19.0	-0.5	0.503793
-19.0	-1.0	0.521792
-19.0	0.0	0.485795
-18.5	-20.0	1.160239
-18.5	-19.0	1.127742
-18.5	-19.5	1.14399
-18.5	-18.5	1.111494
-18.5	-18.0	1.095245
-18.5	-17.5	1.078997
-18.5	-17.0	1.062749
-18.5	-16.5	1.0465
-18.5	-16.0	1.030252
-18.5	-15.5	1.014004
-18.5	-14.5	0.981507
-18.5	-15.0	0.997755
-18.5	-13.5	0.94901
-18.5	-13.0	0.932762
-18.5	-12.5	0.916514
-18.5	-12.0	0.900265
-18.5	-14.0	0.965259
-18.5	-11.0	0.866533
-18.5	-11.5	0.884017
-18.5	-10.0	0.830536
-18.5	-9.5	0.812538
-18.5	-9.0	0.794539
-18.5	-10.5	0.848535
-18.5	-8.0	0.758542
-18.5	-7.5	0.740543
-18.5	-7.0	0.722545
-18.5	-8.5	0.776541
-18.5	-6.5	0.704546
-18.5	-6.0	0.686548
-18.5	-5.5	0.668549
-18.5	-5.0	0.650551
-18.5	-4.0	0.614554
-18.5	-4.5	0.632552
-18.5	-3.5	0.596555
-18.5	-3.0	0.578556
-18.5	-2.5	0.560558
-18.5	-2.0	0.542559
-18.5	-1.0	0.506562
-18.5	-0.5	0.488564
-18.5	-1.5	0.524561
-18.5	0.0	0.470565
-18.0	-20.0	1.14399
-18.0	-19.5	1.127742
-18.0	-19.0	1.111494
-18.0	-18.5	1.095245
-18.0	-18.0	1.078997
-18.0	-17.5	1.062749
-18.0	-17.0	1.0465
-18.0	-16.5	1.030252
-18.0	-16.0	1.014004
-18.0	-15.5	0.997755
-18.0	-15.0	0.981507
-18.0	-14.5	0.965259
-18.0	-14.0	0.94901
-18.0	-13.5	0.932762
-18.0	-13.0	0.916514
-18.0	-12.5	0.900265
-18.0	-11.5	0.867769
-18.0	-12.0	0.884017
-18.0	-11.0	0.851304
-18.0	-10.5	0.833305
-18.0	-10.0	0.815307
-18.0	-9.0	0.77931
-18.0	-9.5	0.797308
-18.0	-8.5	0.761311
-18.0	-8.0	0.743312
-18.0	-7.5	0.725314
-18.0	-7.0	0.707315
-18.0	-6.5	0.689317
-18.0	-6.0	0.671318
-18.0	-5.5	0.65332
-18.0	-5.0	0.635321
-18.0	-4.5	0.617323
-18.0	-4.0	0.599324
-18.0	-3.5	0.581325
-18.0	-3.0	0.563327
-18.0	-2.5	0.545328
-18.0	-1.5	0.509331
-18.0	-1.0	0.491333
-18.0	-2.0	0.52733
-18.0	-0.5	0.473334
-18.0	0.0	0.455336
-17.5	-20.0	1.127742
-17.5	-19.5	1.111494
-17.5	-18.5	1.078997
-17.5	-19.0	1.095245
-17.5	-18.0	1.062749
-17.5	-17.5	1.0465
-17.5	-17.0	1.030252
-17.5	-16.0	0.997755
-17.5	-16.5	1.014004
-17.5	-15.0	0.965259
-17.5	-15.5	0.981507
-17.5	-14.5	0.94901
-17.5	-14.0	0.932762
-17.5	-13.5	0.916514
-17.5	-13.0	0.900265
-17.5	-12.5	0.884017
-17.5	-12.0	0.867769
-17.5	-11.5	0.85152
-17.5	-11.0	0.835272
-17.5	-10.5	0.818076
-17.5	-10.0	0.800077
-17.5	-9.5	0.782079
-17.5	-9.0	0.76408
-17.5	-8.0	0.728083
-17.5	-8.5	0.746081
-17.5	-7.5	0.710084
-17.5	-7.0	0.692086
-17.5	-6.5	0.674087
-17.5	-6.0	0.656089
-17.5	-5.5	0.63809
-17.5	-4.5	0.602093
-17.5	-5.0	0.620092
-17.5	-4.0	0.584094
-17.5	-3.5	0.566096
-17.5	-3.0	0.548097
-17.5	-2.5	0.530099
-17.5	-2.0	0.5121
-17.5	-1.5	0.494102
-17.5	-1.0	0.476103
-17.5	-0.5	0.458105
-17.5	0.0	0.440106
-17.0	-20.0	1.111494
-17.0	-19.5	1.095245
-17.0	-19.0	1.078997
-17.0	-18.5	1.062749
-17.0	-18.0	1.0465
-17.0	-17.5	1.030252
-17.0	-17.0	1.014004
-17.0	-16.5	0.997755
-17.0	-16.0	0.981507
-17.0	-15.5	0.965259
-17.0	-15.0	0.94901
-17.0	-14.5	0.932762
-17.0	-14.0	0.916514
-17.0	-13.5	0.900265
-17.0	-13.0	0.884017
-17.0	-12.5	0.867769
-17.0	-12.0	0.85152
-17.0	-11.5	0.835272
-17.0	-11.0	0.819024
-17.0	-10.5	0.802775
-17.0	-10.0	0.784848
-17.0	-9.5	0.766849
-17.0	-8.5	0.730852
-17.0	-9.0	0.74885
-17.0	-8.0	0.712853
-17.0	-7.5	0.694855
-17.0	-7.0	0.676856
-17.0	-6.0	0.640859
-17.0	-6.5	0.658858
-17.0	-5.5	0.622861
-17.0	-5.0	0.604862
-17.0	-4.5	0.586863
-17.0	-4.0	0.568865
-17.0	-3.5	0.550866
-17.0	-3.0	0.532868
-17.0	-2.5	0.514869
-17.0	-2.0	0.496871
-17.0	-1.5	0.478872
-17.0	-1.0	0.460874
-17.0	-0.5	0.442875
-17.0	0.0	0.424877
-16.5	-20.0	1.095245
-16.5	-19.5	1.078997
-16.5	-19.0	1.062749
-16.5	-18.5	1.0465
-16.5	-18.0	1.030252
-16.5	-17.5	1.014004
-16.5	-17.0	0.997755
-16.5	-16.5	0.981507
-16.5	-16.0	0.965259
-16.5	-15.5	0.94901
-16.5	-15.0	0.932762
-16.5	-14.5	0.916514
-16.5	-14.0	0.900265
-16.5	-13.5	0.884017
-16.5	-13.0	0.867769
-16.5	-12.0	0.835272
-16.5	-12.5	0.85152
-16.5	-11.5	0.819024
-16.5	-11.0	0.802775
-16.5	-10.5	0.786527
-16.5	-10.0	0.769618
-16.5	-9.5	0.751619
-16.5	-9.0	0.733621
-16.5	-8.5	0.715622
-16.5	-8.0	0.697624
-16.5	-7.5	0.679625
-16.5	-7.0	0.661627
-16.5	-6.5	0.643628
-16.5	-6.0	0.62563
-16.5	-5.5	0.607631
-16.5	-5.0	0.589633
-16.5	-4.5	0.571634
-16.5	-4.0	0.553635
-16.5	-3.5	0.535637
-16.5	-2.5	0.49964
-16.5	-3.0	0.517638
-16.5	-2.0	0.481641
-16.5	-1.5	0.463643
-16.5	-1.0	0.445644
-16.5	-0.5	0.427646
-16.5	0.0	0.409647
-16.0	-20.0	1.078997
-16.0	-19.5	1.062749
-16.0	-19.0	1.0465
-16.0	-18.5	1.030252
-16.0	-18.0	1.014004
-16.0	-17.5	0.997755
-16.0	-17.0	0.981507
-16.0	-16.5	0.965259
-16.0	-16.0	0.94901
-16.0	-15.5	0.932762
-16.0	-15.0	0.916514
-16.0	-14.5	0.900265
-16.0	-14.0	0.884017
-16.0	-13.5	0.867769
-16.0	-13.0	0.85152
-16.0	-12.5	0.835272
-16.0	-12.0	0.819024
-16.0	-11.5	0.802775
-16.0	-10.5	0.770279
-16.0	-11.0	0.786527
-16.0	-10.0	0.75403
-16.0	-9.5	0.73639
-16.0	-9.0	0.718391
-16.0	-8.5	0.700393
-16.0	-8.0	0.682394
-16.0	-7.5	0.664396
-16.0	-7.0	0.646397
-16.0	-6.5	0.628399
-16.0	-6.0	0.6104
-16.0	-5.5	0.592402
-16.0	-5.0	0.574403
-16.0	-4.5	0.556404
-16.0	-4.0	0.538406
-16.0	-3.5	0.520407
-16.0	-3.0	0.502409
-16.0	-2.5	0.48441
-16.0	-2.0	0.466412
-16.0	-1.5	0.448413
-16.0	-1.0	0.430415
-16.0	-0.5	0.412416
-16.0	0.0	0.394417
-15.5	-20.0	1.062749
-15.5	-19.5	1.0465
-15.5	-19.0	1.030252
-15.5	-18.5	1.014004
-15.5	-18.0	0.997755
-15.5	-17.5	0.981507
-15.5	-17.0	0.965259
-15.5	-16.5	0.94901
-15.5	-16.0	0.932762
-15.5	-15.5	0.916514
-15.5	-14.5	0.884017
-15.5	-15.0	0.900265
-15.5	-14.0	0.867769
-15.5	-13.5	0.85152
-15.5	-13.0	0.835272
-15.5	-12.5	0.819024
-15.5	-12.0	0.802775
-15.5	-11.5	0.786527
-15.5	-11.0	0.770279
-15.5	-10.5	0.75403
-15.5	-10.0	0.737782
-15.5	-9.5	0.72116
-15.5	-9.0	0.703162
-15.5	-8.5	0.685163
-15.5	-8.0	0.667165
-15.5	-7.5	0.649166
-15.5	-7.0	0.631168
-15.5	-6.5	0.613169
-15.5	-6.0	0.595171
-15.5	-5.5	0.577172
-15.5	-5.0	0.559173
-15.5	-4.5	0.541175
-15.5	-4.0	0.523176
-15.5	-3.5	0.505178
-15.5	-3.0	0.487179
-15.5	-2.0	0.451182
-15.5	-2.5	0.469181
-15.5	-1.5	0.433184
-15.5	-1.0	0.415185
-15.5	-0.5	0.397186
-15.5	0.0	0.379188
-15.0	-20.0	1.0465
-15.0	-19.5	1.030252
-15.0	-19.0	1.014004
-15.0	-18.5	0.997755
-15.0	-17.5	0.965259
-15.0	-18.0	0.981507
-15.0	-16.5	0.932762
-15.0	-16.0	0.916514
-15.0	-17.0	0.94901
-15.0	-15.5	0.900265
-15.0	-15.0	0.884017
-15.0	-14.5	0.867769
-15.0	-13.5	0.835272
-15.0	-13.0	0.819024
-15.0	-14.0	0.85152
-15.0	-12.5	0.802775
-15.0	-11.5	0.770279
-15.0	-12.0	0.786527
-15.0	-11.0	0.75403
-15.0	-10.5	0.737782
-15.0	-10.0	0.721534
-15.0	-9.5	0.705285
-15.0	-9.0	0.687932
-15.0	-8.5	0.669934
-15.0	-8.0	0.651935
-15.0	-7.5	0.633937
-15.0	-7.0	0.615938
-15.0	-6.5	0.59794
-15.0	-6.0	0.579941
-15.0	-5.5	0.561942
-15.0	-5.0	0.543944
-15.0	-4.5	0.525945
-15.0	-4.0	0.507947
-15.0	-3.5	0.489948
-15.0	-3.0	0.47195
-15.0	-2.5	0.453951
-15.0	-2.0	0.435953
-15.0	-1.5	0.417954
-15.0	-1.0	0.399955
-15.0	-0.5	0.381957
-15.0	0.0	0.363958
-14.5	-20.0	1.030252
-14.5	-19.5	1.014004
-14.5	-19.0	0.997755
-14.5	-18.5	0.981507
-14.5	-18.0	0.965259
-14.5	-17.5	0.94901
-14.5	-17.0	0.932762
-14.5	-16.0	0.900265
-14.5	-16.5	0.916514
-14.5	-15.5	0.884017
-14.5	-15.0	0.867769
-14.5	-14.0	0.835272
-14.5	-14.5	0.85152
-14.5	-13.5	0.819024
-14.5	-13.0	0.802775
-14.5	-12.5	0.786527
-14.5	-12.0	0.770279
-14.5	-11.5	0.75403
-14.5	-11.0	0.737782
-14.5	-10.5	0.721534
-14.5	-10.0	0.705285
-14.5	-9.5	0.689037
-14.5	-9.0	0.672703
-14.5	-8.0	0.636706
-14.5	-8.5	0.654704
-14.5	-7.5	0.618707
-14.5	-7.0	0.600709
-14.5	-6.5	0.58271
-14.5	-6.0	0.564711
-14.5	-5.5	0.546713
-14.5	-5.0	0.528714
-14.5	-4.5	0.510716
-14.5	-4.0	0.492717
-14.5	-3.5	0.474719
-14.5	-3.0	0.45672
-14.5	-2.5	0.438722
-14.5	-2.0	0.420723
-14.5	-1.5	0.402724
-14.5	-0.5	0.366727
-14.5	-1.0	0.384726
-14.5	0.0	0.348729
-14.0	-19.5	0.997755
-14.0	-20.0	1.014004
-14.0	-19.0	0.981507
-14.0	-18.5	0.965259
-14.0	-18.0	0.94901
-14.0	-17.5	0.932762
-14.0	-17.0	0.916514
-14.0	-16.5	0.900265
-14.0	-16.0	0.884017
-14.0	-15.5	0.867769
-14.0	-15.0	0.85152
-14.0	-14.5	0.835272
-14.0	-14.0	0.819024
-14.0	-13.5	0.802775
-14.0	-13.0	0.786527
-14.0	-12.5	0.770279
-14.0	-12.0	0.75403
-14.0	-11.5	0.737782
-14.0	-11.0	0.721534
-14.0	-10.5	0.705285
-14.0	-10.0	0.689037
-14.0	-9.5	0.672789
-14.0	-9.0	0.656541
-14.0	-8.5	0.639475
-14.0	-8.0	0.621476
-14.0	-7.5	0.603478
-14.0	-7.0	0.585479
-14.0	-6.5	0.56748
-14.0	-6.0	0.549482
-14.0	-5.0	0.513485
-14.0	-5.5	0.531483
-14.0	-4.5	0.495486
-14.0	-4.0	0.477488
-14.0	-3.5	0.459489
-14.0	-3.0	0.441491
-14.0	-2.5	0.423492
-14.0	-2.0	0.405493
-14.0	-1.5	0.387495
-14.0	-1.0	0.369496
-14.0	-0.5	0.351498
-14.0	0.0	0.333499
-13.5	-20.0	0.993301
-13.5	-19.5	0.981507
-13.5	-19.0	0.965259
-13.5	-18.5	0.94901
-13.5	-18.0	0.932762
-13.5	-17.5	0.916514
-13.5	-17.0	0.900265
-13.5	-16.5	0.884017
-13.5	-16.0	0.867769
-13.5	-15.5	0.85152
-13.5	-15.0	0.835272
-13.5	-14.5	0.819024
-13.5	-14.0	0.802775
-13.5	-13.5	0.786527
-13.5	-13.0	0.770279
-13.5	-12.5	0.75403
-13.5	-12.0	0.737782
-13.5	-11.5	0.721534
-13.5	-11.0	0.705285
-13.5	-10.5	0.689037
-13.5	-10.0	0.672789
-13.5	-9.5	0.656541
-13.5	-9.0	0.640292
-13.5	-8.5	0.624044
-13.5	-7.5	0.588248
-13.5	-8.0	0.606247
-13.5	-7.0	0.570249
-13.5	-6.0	0.534252
-13.5	-6.5	0.552251
-13.5	-5.5	0.516254
-13.5	-4.5	0.480257
-13.5	-5.0	0.498255
-13.5	-4.0	0.462258
-13.5	-3.5	0.44426
-13.5	-3.0	0.426261
-13.5	-2.0	0.390264
-13.5	-2.5	0.408262
-13.5	-1.5	0.372265
-13.5	-0.5	0.336268
-13.5	-1.0	0.354267
-13.5	0.0	0.31827
-13.0	-19.5	0.958868
-13.0	-19.0	0.94739
-13.0	-20.0	0.970345
-13.0	-18.5	0.932762
-13.0	-17.5	0.900265
-13.0	-18.0	0.916514
-13.0	-17.0	0.884017
-13.0	-16.5	0.867769
-13.0	-16.0	0.85152
-13.0	-15.0	0.819024
-13.0	-14.5	0.802775
-13.0	-15.5	0.835272
-13.0	-14.0	0.786527
-13.0	-13.0	0.75403
-13.0	-13.5	0.770279
-13.0	-12.5	0.737782
-13.0	-11.5	0.705285
-13.0	-12.0	0.721534
-13.0	-11.0	0.689037
-13.0	-10.0	0.656541
-13.0	-10.5	0.672789
-13.0	-9.5	0.640292
-13.0	-9.0	0.624044
-13.0	-8.5	0.607796
-13.0	-7.5	0.573018
-13.0	-8.0	0.591017
-13.0	-7.0	0.55502
-13.0	-6.5	0.537021
-13.0	-5.5	0.501024
-13.0	-6.0	0.519023
-13.0	-5.0	0.483026
-13.0	-4.5	0.465027
-13.0	-4.0	0.447029
-13.0	-3.5	0.42903
-13.0	-3.0	0.411032
-13.0	-2.5	0.393033
-13.0	-2.0	0.375034
-13.0	-1.5	0.357036
-13.0	-1.0	0.339037
-13.0	-0.5	0.321039
-13.0	0.0	0.30304
-12.5	-19.5	0.935912
-12.5	-20.0	0.94739
-12.5	-19.0	0.924435
-12.5	-18.5	0.912957
-12.5	-18.0	0.900265
-12.5	-17.5	0.884017
-12.5	-17.0	0.867769
-12.5	-16.5	0.85152
-12.5	-16.0	0.835272
-12.5	-15.5	0.819024
-12.5	-15.0	0.802775
-12.5	-14.5	0.786527
-12.5	-14.0	0.770279
-12.5	-13.5	0.75403
-12.5	-13.0	0.737782
-12.5	-12.5	0.721534
-12.5	-12.0	0.705285
-12.5	-11.0	0.672789
-12.5	-11.5	0.689037
-12.5	-10.5	0.656541
-12.5	-10.0	0.640292
-12.5	-9.5	0.624044
-12.5	-9.0	0.607796
-12.5	-8.5	0.591547
-12.5	-8.0	0.575299
-12.5	-7.5	0.557789
-12.5	-6.5	0.521792
-12.5	-7.0	0.53979
-12.5	-6.0	0.503793
-12.5	-5.5	0.485795
-12.5	-5.0	0.467796
-12.5	-4.5	0.449798
-12.5	-4.0	0.431799
-12.5	-3.5	0.413801
-12.5	-3.0	0.395802
-12.5	-2.5	0.377803
-12.5	-2.0	0.359805
-12.5	-1.0	0.323808
-12.5	-0.5	0.305809
-12.5	0.0	0.287811
-12.5	-1.5	0.341806
-12.0	-20.0	0.924435
-12.0	-19.5	0.912957
-12.0	-19.0	0.901479
-12.0	-18.0	0.878524
-12.0	-18.5	0.890002
-12.0	-17.5	0.867047
-12.0	-16.5	0.835272
-12.0	-17.0	0.85152
-12.0	-16.0	0.819024
-12.0	-15.0	0.786527
-12.0	-15.5	0.802775
-12.0	-14.5	0.770279
-12.0	-13.5	0.737782
-12.0	-14.0	0.75403
-12.0	-13.0	0.721534
-12.0	-12.0	0.689037
-12.0	-12.5	0.705285
-12.0	-11.5	0.672789
-12.0	-11.0	0.656541
-12.0	-10.5	0.640292
-12.0	-9.5	0.607796
-12.0	-9.0	0.591547
-12.0	-10.0	0.624044
-12.0	-8.5	0.575299
-12.0	-7.5	0.542559
-12.0	-7.0	0.524561
-12.0	-8.0	0.559051
-12.0	-6.0	0.488564
-12.0	-6.5	0.506562
-12.0	-5.5	0.470565
-12.0	-5.0	0.452567
-12.0	-4.5	0.434568
-12.0	-4.0	0.41657
-12.0	-3.5	0.398571
-12.0	-3.0	0.380572
-12.0	-2.5	0.362574
-12.0	-2.0	0.344575
-12.0	-1.5	0.326577
-12.0	-1.0	0.308578
-12.0	0.0	0.272581
-12.0	-0.5	0.29058
-11.5	-20.0	0.901479
-11.5	-19.0	0.878524
-11.5	-19.5	0.890002
-11.5	-18.5	0.867047
-11.5	-18.0	0.855569
-11.5	-17.5	0.844091
-11.5	-17.0	0.832614
-11.5	-16.5	0.819024
-11.5	-15.5	0.786527
-11.5	-16.0	0.802775
-11.5	-15.0	0.770279
-11.5	-14.5	0.75403
-11.5	-14.0	0.737782
-11.5	-13.5	0.721534
-11.5	-13.0	0.705285
-11.5	-12.5	0.689037
-11.5	-12.0	0.672789
-11.5	-11.0	0.640292
-11.5	-11.5	0.656541
-11.5	-10.5	0.624044
-11.5	-9.5	0.591547
-11.5	-10.0	0.607796
-11.5	-9.0	0.575299
-11.5	-8.5	0.559051
-11.5	-8.0	0.542802
-11.5	-7.5	0.526554
-11.5	-7.0	0.509331
-11.5	-6.5	0.491333
-11.5	-6.0	0.473334
-11.5	-5.5	0.455336
-11.5	-5.0	0.437337
-11.5	-4.5	0.419339
-11.5	-4.0	0.40134
-11.5	-3.5	0.383341
-11.5	-3.0	0.365343
-11.5	-2.5	0.347344
-11.5	-2.0	0.329346
-11.5	-1.5	0.311347
-11.5	-1.0	0.293349
-11.5	-0.5	0.27535
-11.5	0.0	0.257352
-11.0	-20.0	0.878524
-11.0	-19.0	0.855569
-11.0	-19.5	0.867047
-11.0	-18.5	0.844091
-11.0	-18.0	0.832614
-11.0	-17.5	0.821136
-11.0	-17.0	0.809658
-11.0	-16.5	0.798181
-11.0	-16.0	0.786527
-11.0	-15.5	0.770279
-11.0	-14.5	0.737782
-11.0	-15.0	0.75403
-11.0	-13.5	0.705285
-11.0	-14.0	0.721534
-11.0	-13.0	0.689037
-11.0	-12.5	0.672789
-11.0	-12.0	0.656541
-11.0	-11.5	0.640292
-11.0	-10.5	0.607796
-11.0	-11.0	0.624044
-11.0	-10.0	0.591547
-11.0	-9.5	0.575299
-11.0	-9.0	0.559051
-11.0	-8.5	0.542802
-11.0	-8.0	0.526554
-11.0	-7.5	0.510306
-11.0	-6.5	0.476103
-11.0	-7.0	0.494057
-11.0	-5.5	0.440106
-11.0	-6.0	0.458105
-11.0	-5.0	0.422108
-11.0	-4.5	0.404109
-11.0	-4.0	0.38611
-11.0	-3.5	0.368112
-11.0	-3.0	0.350113
-11.0	-2.5	0.332115
-11.0	-2.0	0.314116
-11.0	-1.5	0.296118
-11.0	-1.0	0.278119
-11.0	-0.5	0.260121
-11.0	0.0	0.242122
-10.5	-20.0	0.855569
-10.5	-19.5	0.844091
-10.5	-19.0	0.832614
-10.5	-18.5	0.821136
-10.5	-18.0	0.809658
-10.5	-17.0	0.786703
-10.5	-17.5	0.798181
-10.5	-16.5	0.775225
-10.5	-15.5	0.75227
-10.5	-16.0	0.763748
-10.5	-15.0	0.737782
-10.5	-14.5	0.721534
-10.5	-13.5	0.689037
-10.5	-14.0	0.705285
-10.5	-13.0	0.672789
-10.5	-12.0	0.640292
-10.5	-12.5	0.656541
-10.5	-11.5	0.624044
-10.5	-11.0	0.607796
-10.5	-10.5	0.591547
-10.5	-10.0	0.575299
-10.5	-9.5	0.559051
-10.5	-9.0	0.542802
-10.5	-8.5	0.526554
-10.5	-8.0	0.510306
-10.5	-7.5	0.494057
-10.5	-7.0	0.477809
-10.5	-6.5	0.460874
-10.5	-6.0	0.442875
-10.5	-5.5	0.424877
-10.5	-5.0	0.406878
-10.5	-4.5	0.388879
-10.5	-4.0	0.370881
-10.5	-3.5	0.352882
-10.5	-2.5	0.316885
-10.5	-3.0	0.334884
-10.5	-2.0	0.298887
-10.5	-1.5	0.280888
-10.5	-1.0	0.26289
-10.5	-0.5	0.244891
-10.5	0.0	0.226892
-10.0	-20.0	0.832614
-10.0	-19.5	0.821136
-10.0	-19.0	0.809658
-10.0	-18.5	0.798181
-10.0	-18.0	0.786703
-10.0	-17.5	0.775225
-10.0	-16.5	0.75227
-10.0	-16.0	0.740793
-10.0	-17.0	0.763748
-10.0	-15.5	0.729315
-10.0	-15.0	0.717837
-10.0	-14.5	0.705285
-10.0	-14.0	0.689037
-10.0	-13.5	0.672789
-10.0	-13.0	0.656541
-10.0	-12.5	0.640292
-10.0	-12.0	0.624044
-10.0	-11.5	0.607796
-10.0	-11.0	0.591547
-10.0	-10.5	0.575299
-10.0	-9.5	0.542802
-10.0	-9.0	0.526554
-10.0	-8.5	0.510306
-10.0	-10.0	0.559051
-10.0	-8.0	0.494057
-10.0	-7.0	0.461561
-10.0	-7.5	0.477809
-10.0	-6.5	0.445312
-10.0	-5.5	0.409647
-10.0	-6.0	0.427646
-10.0	-5.0	0.391648
-10.0	-4.5	0.37365
-10.0	-4.0	0.355651
-10.0	-3.0	0.319654
-10.0	-2.5	0.301656
-10.0	-3.5	0.337653
-10.0	-2.0	0.283657
-10.0	-1.0	0.24766
-10.0	-1.5	0.265659
-10.0	-0.5	0.229661
-10.0	0.0	0.211663
-9.5	-20.0	0.809658
-9.5	-19.5	0.798181
-9.5	-19.0	0.786703
-9.5	-18.5	0.775225
-9.5	-18.0	0.763748
-9.5	-17.5	0.75227
-9.5	-17.0	0.740793
-9.5	-16.5	0.729315
-9.5	-16.0	0.717837
-9.5	-15.5	0.70636
-9.5	-15.0	0.694882
-9.5	-14.5	0.683404
-9.5	-14.0	0.671927
-9.5	-13.0	0.640292
-9.5	-13.5	0.656541
-9.5	-12.5	0.624044
-9.5	-12.0	0.607796
-9.5	-11.5	0.591547
-9.5	-11.0	0.575299
-9.5	-10.5	0.559051
-9.5	-9.5	0.526554
-9.5	-10.0	0.542802
-9.5	-9.0	0.510306
-9.5	-8.5	0.494057
-9.5	-8.0	0.477809
-9.5	-7.5	0.461561
-9.5	-7.0	0.445312
-9.5	-6.5	0.429064
-9.5	-6.0	0.412416
-9.5	-5.0	0.376419
-9.5	-5.5	0.394417
-9.5	-4.5	0.35842
-9.5	-4.0	0.340422
-9.5	-3.5	0.322423
-9.5	-3.0	0.304425
-9.5	-2.5	0.286426
-9.5	-2.0	0.268428
-9.5	-1.5	0.250429
-9.5	-1.0	0.232431
-9.5	-0.5	0.214432
-9.5	0.0	0.196433
-9.0	-20.0	0.777826
-9.0	-19.5	0.775225
-9.0	-19.0	0.763748
-9.0	-18.0	0.740793
-9.0	-18.5	0.75227
-9.0	-17.5	0.729315
-9.0	-17.0	0.717837
-9.0	-16.5	0.70636
-9.0	-15.5	0.683404
-9.0	-15.0	0.671927
-9.0	-16.0	0.694882
-9.0	-14.5	0.660449
-9.0	-14.0	0.648971
-9.0	-13.5	0.637494
-9.0	-13.0	0.624044
-9.0	-12.5	0.607796
-9.0	-11.5	0.575299
-9.0	-12.0	0.591547
-9.0	-11.0	0.559051
-9.0	-10.0	0.526554
-9.0	-10.5	0.542802
-9.0	-9.5	0.510306
-9.0	-9.0	0.494057
-9.0	-8.5	0.477809
-9.0	-8.0	0.461561
-9.0	-7.5	0.445312
-9.0	-7.0	0.429064
-9.0	-6.5	0.412816
-9.0	-5.5	0.379188
-9.0	-6.0	0.396567
-9.0	-5.0	0.361189
-9.0	-4.5	0.343191
-9.0	-4.0	0.325192
-9.0	-3.5	0.307194
-9.0	-3.0	0.289195
-9.0	-2.5	0.271197
-9.0	-2.0	0.253198
-9.0	-1.5	0.2352
-9.0	-0.5	0.199202
-9.0	-1.0	0.217201
-9.0	0.0	0.181204
-8.5	-20.0	0.709194
-8.5	-19.5	0.720633
-8.5	-18.5	0.729315
-8.5	-18.0	0.717837
-8.5	-19.0	0.732071
-8.5	-17.0	0.694882
-8.5	-17.5	0.70636
-8.5	-16.5	0.683404
-8.5	-16.0	0.671927
-8.5	-15.5	0.660449
-8.5	-15.0	0.648971
-8.5	-14.0	0.626016
-8.5	-14.5	0.637494
-8.5	-13.0	0.603061
-8.5	-13.5	0.614538
-8.5	-12.5	0.591547
-8.5	-12.0	0.575299
-8.5	-11.5	0.559051
-8.5	-11.0	0.542802
-8.5	-10.5	0.526554
-8.5	-10.0	0.510306
-8.5	-9.5	0.494057
-8.5	-9.0	0.477809
-8.5	-8.5	0.461561
-8.5	-8.0	0.445312
-8.5	-7.5	0.429064
-8.5	-6.5	0.396567
-8.5	-7.0	0.412816
-8.5	-6.0	0.380319
-8.5	-5.5	0.363958
-8.5	-5.0	0.34596
-8.5	-4.5	0.327961
-8.5	-4.0	0.309963
-8.5	-3.5	0.291964
-8.5	-3.0	0.273966
-8.5	-2.5	0.255967
-8.5	-2.0	0.237969
-8.5	-1.0	0.201971
-8.5	-1.5	0.21997
-8.5	-0.5	0.183973
-8.5	0.0	0.165974
-8.0	-20.0	0.640562
-8.0	-19.5	0.652001
-8.0	-19.0	0.663439
-8.0	-18.5	0.674878
-8.0	-18.0	0.686317
-8.0	-17.0	0.671927
-8.0	-17.5	0.683404
-8.0	-16.5	0.660449
-8.0	-16.0	0.648971
-8.0	-15.5	0.637494
-8.0	-15.0	0.626016
-8.0	-14.5	0.614538
-8.0	-14.0	0.603061
-8.0	-13.5	0.591583
-8.0	-13.0	0.580106
-8.0	-12.5	0.568628
-8.0	-11.5	0.542802
-8.0	-12.0	0.55715
-8.0	-11.0	0.526554
-8.0	-10.5	0.510306
-8.0	-10.0	0.494057
-8.0	-9.5	0.477809
-8.0	-9.0	0.461561
-8.0	-8.5	0.445312
-8.0	-8.0	0.429064
-8.0	-7.5	0.412816
-8.0	-7.0	0.396567
-8.0	-6.5	0.380319
-8.0	-6.0	0.364071
-8.0	-5.0	0.33073
-8.0	-5.5	0.347822
-8.0	-4.5	0.312732
-8.0	-3.5	0.276735
-8.0	-4.0	0.294733
-8.0	-3.0	0.258736
-8.0	-2.5	0.240738
-8.0	-2.0	0.222739
-8.0	-1.5	0.20474
-8.0	-1.0	0.186742
-8.0	-0.5	0.168743
-8.0	0.0	0.150745
-7.5	-20.0	0.571931
-7.5	-19.5	0.583369
-7.5	-19.0	0.594808
-7.5	-18.5	0.606246
-7.5	-17.5	0.629124
-7.5	-18.0	0.617685
-7.5	-17.0	0.640562
-7.5	-16.5	0.637494
-7.5	-16.0	0.626016
-7.5	-15.0	0.603061
-7.5	-15.5	0.614538
-7.5	-14.5	0.591583
-7.5	-14.0	0.580106
-7.5	-13.5	0.568628
-7.5	-13.0	0.55715
-7.5	-12.5	0.545673
-7.5	-11.5	0.522717
-7.5	-12.0	0.534195
-7.5	-11.0	0.510306
-7.5	-10.0	0.477809
-7.5	-10.5	0.494057
-7.5	-9.5	0.461561
-7.5	-9.0	0.445312
-7.5	-8.5	0.429064
-7.5	-8.0	0.412816
-7.5	-7.5	0.396567
-7.5	-7.0	0.380319
-7.5	-6.5	0.364071
-7.5	-6.0	0.347822
-7.5	-5.5	0.331574
-7.5	-4.5	0.297502
-7.5	-4.0	0.279504
-7.5	-5.0	0.315326
-7.5	-3.5	0.261505
-7.5	-3.0	0.243507
-7.5	-2.5	0.225508
-7.5	-1.5	0.189511
-7.5	-2.0	0.207509
-7.5	-1.0	0.171512
-7.5	-0.5	0.153514
-7.5	0.0	0.135515
-7.0	-19.5	0.514738
-7.0	-20.0	0.503299
-7.0	-19.0	0.526176
-7.0	-18.0	0.549053
-7.0	-18.5	0.537615
-7.0	-17.5	0.560492
-7.0	-16.5	0.583369
-7.0	-17.0	0.571931
-7.0	-16.0	0.594808
-7.0	-15.5	0.591583
-7.0	-15.0	0.580106
-7.0	-14.5	0.568628
-7.0	-14.0	0.55715
-7.0	-13.5	0.545673
-7.0	-13.0	0.534195
-7.0	-12.0	0.51124
-7.0	-12.5	0.522717
-7.0	-11.5	0.499762
-7.0	-11.0	0.488284
-7.0	-10.5	0.476807
-7.0	-10.0	0.461561
-7.0	-9.5	0.445312
-7.0	-9.0	0.429064
-7.0	-8.5	0.412816
-7.0	-8.0	0.396567
-7.0	-7.5	0.380319
-7.0	-7.0	0.364071
-7.0	-6.5	0.347822
-7.0	-5.5	0.315326
-7.0	-6.0	0.331574
-7.0	-5.0	0.299077
-7.0	-4.5	0.282273
-7.0	-4.0	0.264274
-7.0	-3.5	0.246276
-7.0	-3.0	0.228277
-7.0	-2.5	0.210278
-7.0	-2.0	0.19228
-7.0	-1.5	0.174281
-7.0	-1.0	0.156283
-7.0	0.0	0.120286
-6.5	-20.0	0.434667
-7.0	-0.5	0.138284
-6.5	-19.5	0.446106
-6.5	-19.0	0.457544
-6.5	-18.5	0.468983
-6.5	-18.0	0.480422
-6.5	-17.5	0.49186
-6.5	-17.0	0.503299
-6.5	-16.5	0.514738
-6.5	-15.5	0.537615
-6.5	-16.0	0.526176
-6.5	-15.0	0.549053
-6.5	-14.5	0.545673
-6.5	-14.0	0.534195
-6.5	-13.5	0.522717
-6.5	-13.0	0.51124
-6.5	-12.0	0.488284
-6.5	-12.5	0.499762
-6.5	-11.5	0.476807
-6.5	-10.5	0.453851
-6.5	-11.0	0.465329
-6.5	-10.0	0.442374
-6.5	-9.0	0.412816
-6.5	-8.5	0.396567
-6.5	-8.0	0.380319
-6.5	-9.5	0.429064
-6.5	-7.5	0.364071
-6.5	-7.0	0.347822
-6.5	-6.5	0.331574
-6.5	-6.0	0.315326
-6.5	-5.5	0.299077
-6.5	-5.0	0.282829
-6.5	-4.5	0.266581
-6.5	-4.0	0.249045
-6.5	-3.5	0.231046
-6.5	-3.0	0.213047
-6.5	-2.5	0.195049
-6.5	-2.0	0.17705
-6.5	-1.5	0.159052
-6.5	-1.0	0.141053
-6.5	-0.5	0.123055
-6.5	0.0	0.105056
-6.0	-20.0	0.366036
-6.0	-19.5	0.377474
-6.0	-18.5	0.400351
-6.0	-19.0	0.388913
-6.0	-18.0	0.41179
-6.0	-17.5	0.423229
-6.0	-17.0	0.434667
-6.0	-16.5	0.446106
-6.0	-16.0	0.457544
-6.0	-15.5	0.468983
-6.0	-15.0	0.480422
-6.0	-14.5	0.49186
-6.0	-14.0	0.503299
-6.0	-13.5	0.499762
-6.0	-12.5	0.476807
-6.0	-13.0	0.488284
-6.0	-11.5	0.453851
-6.0	-12.0	0.465329
-6.0	-11.0	0.442374
-6.0	-10.5	0.430896
-6.0	-10.0	0.419419
-6.0	-9.5	0.407941
-6.0	-8.5	0.380319
-6.0	-9.0	0.396463
-6.0	-8.0	0.364071
-6.0	-7.0	0.331574
-6.0	-7.5	0.347822
-6.0	-6.5	0.315326
-6.0	-6.0	0.299077
-6.0	-5.5	0.282829
-6.0	-5.0	0.266581
-6.0	-4.5	0.250332
-6.0	-3.5	0.215816
-6.0	-4.0	0.233815
-6.0	-2.5	0.179819
-6.0	-3.0	0.197818
-6.0	-1.5	0.143822
-6.0	-2.0	0.161821
-6.0	-0.5	0.107825
-6.0	-1.0	0.125824
-6.0	0.0	0.089827
-5.5	-20.0	0.297404
-5.5	-19.5	0.308843
-5.5	-19.0	0.320281
-5.5	-18.0	0.343158
-5.5	-18.5	0.33172
-5.5	-17.5	0.354597
-5.5	-17.0	0.366036
-5.5	-16.5	0.377474
-5.5	-16.0	0.388913
-5.5	-15.0	0.41179
-5.5	-15.5	0.400351
-5.5	-14.0	0.434667
-5.5	-14.5	0.423229
-5.5	-13.5	0.446106
-5.5	-13.0	0.457544
-5.5	-12.0	0.442374
-5.5	-12.5	0.453851
-5.5	-11.5	0.430896
-5.5	-11.0	0.419419
-5.5	-10.5	0.407941
-5.5	-10.0	0.396463
-5.5	-9.5	0.384986
-5.5	-8.5	0.36203
-5.5	-9.0	0.373508
-5.5	-8.0	0.347822
-5.5	-7.5	0.331574
-5.5	-7.0	0.315326
-5.5	-6.5	0.299077
-5.5	-6.0	0.282829
-5.5	-5.0	0.250332
-5.5	-5.5	0.266581
-5.5	-4.5	0.234084
-5.5	-4.0	0.217836
-5.5	-3.5	0.200587
-5.5	-2.5	0.16459
-5.5	-2.0	0.146591
-5.5	-3.0	0.182588
-5.5	-1.5	0.128593
-5.5	-0.5	0.092596
-5.5	-1.0	0.110594
-5.5	0.0	0.074597
-5.0	-19.5	0.240211
-5.0	-20.0	0.228772
-5.0	-19.0	0.251649
-5.0	-18.0	0.274527
-5.0	-18.5	0.263088
-5.0	-17.5	0.285965
-5.0	-17.0	0.297404
-5.0	-16.5	0.308843
-5.0	-16.0	0.320281
-5.0	-15.5	0.33172
-5.0	-14.5	0.354597
-5.0	-15.0	0.343158
-5.0	-13.5	0.377474
-5.0	-14.0	0.366036
-5.0	-12.5	0.400351
-5.0	-13.0	0.388913
-5.0	-12.0	0.41179
-5.0	-11.5	0.407941
-5.0	-11.0	0.396463
-5.0	-10.0	0.373508
-5.0	-10.5	0.384986
-5.0	-9.5	0.36203
-5.0	-9.0	0.350553
-5.0	-8.5	0.339075
-5.0	-8.0	0.327597
-5.0	-7.5	0.315326
-5.0	-7.0	0.299077
-5.0	-6.5	0.282829
-5.0	-6.0	0.266581
-5.0	-5.5	0.250332
-5.0	-5.0	0.234084
-5.0	-4.5	0.217836
-5.0	-4.0	0.201588
-5.0	-3.5	0.185339
-5.0	-2.5	0.14936
-5.0	-3.0	0.167359
-5.0	-2.0	0.131362
-5.0	-1.5	0.113363
-5.0	-0.5	0.077366
-5.0	-1.0	0.095365
-4.5	-20.0	0.160141
-5.0	0.0	0.059368
-4.5	-19.0	0.183018
-4.5	-19.5	0.171579
-4.5	-18.5	0.194456
-4.5	-18.0	0.205895
-4.5	-17.5	0.217334
-4.5	-17.0	0.228772
-4.5	-16.0	0.251649
-4.5	-16.5	0.240211
-4.5	-15.5	0.263088
-4.5	-15.0	0.274527
-4.5	-14.0	0.297404
-4.5	-14.5	0.285965
-4.5	-13.5	0.308843
-4.5	-13.0	0.320281
-4.5	-12.0	0.343158
-4.5	-12.5	0.33172
-4.5	-11.5	0.354597
-4.5	-11.0	0.366036
-4.5	-10.5	0.36203
-4.5	-10.0	0.350553
-4.5	-9.5	0.339075
-4.5	-9.0	0.327597
-4.5	-8.5	0.31612
-4.5	-8.0	0.304642
-4.5	-7.5	0.293164
-4.5	-7.0	0.281687
-4.5	-6.5	0.266581
-4.5	-6.0	0.250332
-4.5	-5.5	0.234084
-4.5	-5.0	0.217836
-4.5	-4.0	0.185339
-4.5	-4.5	0.201588
-4.5	-3.5	0.169091
-4.5	-2.5	0.134131
-4.5	-3.0	0.152129
-4.5	-2.0	0.116132
-4.5	-1.5	0.098134
-4.5	-1.0	0.080135
-4.5	-0.5	0.062137
-4.5	0.0	0.044138
-4.0	-19.5	0.102948
-4.0	-20.0	0.091509
-4.0	-19.0	0.114386
-4.0	-18.0	0.137263
-4.0	-18.5	0.125825
-4.0	-17.0	0.160141
-4.0	-17.5	0.148702
-4.0	-16.5	0.171579
-4.0	-16.0	0.183018
-4.0	-15.0	0.205895
-4.0	-15.5	0.194456
-4.0	-14.0	0.228772
-4.0	-14.5	0.217334
-4.0	-13.5	0.240211
-4.0	-13.0	0.251649
-4.0	-12.5	0.263088
-4.0	-12.0	0.274527
-4.0	-11.5	0.285965
-4.0	-11.0	0.297404
-4.0	-10.5	0.308843
-4.0	-10.0	0.320281
-4.0	-9.5	0.31612
-4.0	-9.0	0.304642
-4.0	-8.5	0.293164
-4.0	-8.0	0.281687
-4.0	-7.5	0.270209
-4.0	-7.0	0.258732
-4.0	-6.5	0.247254
-4.0	-6.0	0.234084
-4.0	-5.5	0.217836
-4.0	-5.0	0.201588
-4.0	-4.5	0.185339
-4.0	-4.0	0.169091
-4.0	-3.0	0.136594
-4.0	-2.5	0.118901
-4.0	-2.0	0.100903
-4.0	-1.5	0.082904
-4.0	-1.0	0.064906
-4.0	-3.5	0.152843
-4.0	-0.5	0.046907
-3.5	-20.0	0.022877
-3.5	-19.5	0.034316
-4.0	0.0	0.028908
-3.5	-18.5	0.057193
-3.5	-19.0	0.045754
-3.5	-18.0	0.068632
-3.5	-17.5	0.08007
-3.5	-17.0	0.091509
-3.5	-16.5	0.102948
-3.5	-16.0	0.114386
-3.5	-15.5	0.125825
-3.5	-15.0	0.137263
-3.5	-14.0	0.160141
-3.5	-13.5	0.171579
-3.5	-14.5	0.148702
-3.5	-13.0	0.183018
-3.5	-12.5	0.194456
-3.5	-11.5	0.217334
-3.5	-12.0	0.205895
-3.5	-10.5	0.240211
-3.5	-10.0	0.251649
-3.5	-11.0	0.228772
-3.5	-9.5	0.263088
-3.5	-9.0	0.274527
-3.5	-8.5	0.270209
-3.5	-8.0	0.258732
-3.5	-7.5	0.247254
-3.5	-7.0	0.235776
-3.5	-6.5	0.224299
-3.5	-6.0	0.212821
-3.5	-5.5	0.201343
-3.5	-5.0	0.185339
-3.5	-4.5	0.169091
-3.5	-3.5	0.136594
-3.5	-4.0	0.152843
-3.5	-3.0	0.120346
-3.5	-2.5	0.103672
-3.5	-2.0	0.085673
-3.5	-1.5	0.067675
-3.5	-1.0	0.049676
-3.5	-0.5	0.031677
-3.5	0.0	0.013679
-3.0	-18.0	0.0
-3.0	-17.5	0.011439
-3.0	-17.0	0.022877
-3.0	-16.5	0.034316
-3.0	-16.0	0.045754
-3.0	-15.5	0.057193
-3.0	-15.0	0.068632
-3.0	-14.5	0.08007
-3.0	-14.0	0.091509
-3.0	-13.5	0.102948
-3.0	-13.0	0.114386
-3.0	-12.5	0.125825
-3.0	-12.0	0.137263
-3.0	-11.0	0.160141
-3.0	-11.5	0.148702
-3.0	-10.5	0.171579
-3.0	-10.0	0.183018
-3.0	-9.0	0.205895
-3.0	-9.5	0.194456
-3.0	-8.5	0.217334
-3.0	-7.5	0.224299
-3.0	-8.0	0.228772
-3.0	-7.0	0.212821
-3.0	-6.5	0.201343
-3.0	-6.0	0.189866
-3.0	-5.5	0.178388
-3.0	-5.0	0.16691
-3.0	-4.5	0.152843
-3.0	-4.0	0.136594
-3.0	-3.5	0.120346
-3.0	-3.0	0.104098
-3.0	-2.0	0.070444
-3.0	-2.5	0.087849
-3.0	-1.5	0.052445
-3.0	-1.0	0.034446
-3.0	-0.5	0.016448
-2.5	-15.0	0.0
-2.5	-14.5	0.011439
-2.5	-14.0	0.022877
-2.5	-13.5	0.034316
-2.5	-12.5	0.057193
-2.5	-13.0	0.045754
-2.5	-12.0	0.068632
-2.5	-11.5	0.08007
-2.5	-11.0	0.091509
-2.5	-10.5	0.102948
-2.5	-10.0	0.114386
-2.5	-9.5	0.125825
-2.5	-9.0	0.137263
-2.5	-8.5	0.148702
-2.5	-8.0	0.160141
-2.5	-7.5	0.171579
-2.5	-7.0	0.183018
-2.5	-6.5	0.178388
-2.5	-6.0	0.16691
-2.5	-5.0	0.143955
-2.5	-5.5	0.155433
-2.5	-4.0	0.120346
-2.5	-4.5	0.132477
-2.5	-3.5	0.104098
-2.5	-3.0	0.087849
-2.5	-2.5	0.071601
-2.5	-2.0	0.055214
-2.5	-1.5	0.037215
-2.5	-1.0	0.019217
-2.5	-0.5	0.001218
-2.0	-12.0	0.0
-2.0	-11.5	0.011439
-2.0	-11.0	0.022877
-2.0	-10.5	0.034316
-2.0	-10.0	0.045754
-2.0	-9.5	0.057193
-2.0	-9.0	0.068632
-2.0	-8.5	0.08007
-2.0	-7.5	0.102948
-2.0	-8.0	0.091509
-2.0	-7.0	0.114386
-2.0	-6.5	0.125825
-2.0	-5.5	0.132477
-2.0	-6.0	0.137263
-2.0	-5.0	0.121
-2.0	-4.5	0.109522
-2.0	-4.0	0.098045
-2.0	-3.5	0.086567
-2.0	-2.5	0.055353
-2.0	-3.0	0.071601
-2.0	-2.0	0.039104
-2.0	-1.5	0.021986
-2.0	-1.0	0.003987
-1.5	-9.0	0.0
-1.5	-8.5	0.011439
-1.5	-8.0	0.022877
-1.5	-7.5	0.034316
-1.5	-7.0	0.045754
-1.5	-6.5	0.057193
-1.5	-6.0	0.068632
-1.5	-5.5	0.08007
-1.5	-5.0	0.091509
-1.5	-4.5	0.086567
-1.5	-4.0	0.075089
-1.5	-3.5	0.063612
-1.5	-3.0	0.052134
-1.5	-2.5	0.039104
-1.5	-1.5	0.006608
-1.5	-2.0	0.022856
-1.0	-6.0	0.0
-1.0	-5.5	0.011439
-1.0	-5.0	0.022877
-1.0	-4.5	0.034316
-1.0	-4.0	0.045754
-1.0	-3.5	0.039808
-1.0	-3.0	0.02867
-1.0	-2.5	0.017532
-1.0	-2.0	0.006223
-0.5	-3.0	0.0

Experimental values
