Normalized sum

0.6618795395748096
0.6802878085988309
0.688293944650548
0.6776580558811136
0.6450491221814187
0.6677234345030703
0.6761970821490484
0.6915080868610914
0.7189159540746344
0.6708791377643312
0.7020855366812435
0.6965338364993958
0.6566200341393749
0.7290843312498079
0.7098579169358302
0.7081631874066345
0.6505423834139838
0.6925015489988958

Normalized R_Biomass_Ecoli_core_w_GAM

0.701466055670598
0.8658721624683945
0.7891493126294228
0.811070126869129
0.7891493126294228
0.811070126869129
0.7562680912698636
0.8439513482286883
0.8549117553485414
0.7672284983897166
0.8329909411088351
0.7781889055095697
0.811070126869129
0.9206741980676599
0.9097137909478069
0.8987533838279537
0.8549117553485414
0.9864366407867785

Normalized atpYield

0.178255334472842
0.1598439853723607
0.170723418931736
0.14310639528101401
0.14729079280385068
0.14478015429014868
0.17323405744543802
0.15482270834495668
0.16570214190433202
0.16653902140889934
0.15649646735409134
0.15314894933582202
0.14645391329928334
0.15482270834495668
0.15063831082212
0.148127672308418
0.16653902140889934
0.11716313063942668

