Normalized atpYield

0.17779248607022138
0.15942894290803888
0.170280127503874
0.14273481276060027
0.1469083452974599
0.14440422577534412
0.1727842470259898
0.1544207038638073
0.1652718884596424
0.16610659496701433
0.15609011687855115
0.15275129084906344
0.14607363879008797
0.1544207038638073
0.15024717132694765
0.14774305180483185
0.16610659496701433
0.11685891103207038

Normalized sum

0.6805479799714826
0.697939884376076
0.7055039824822007
0.6954553266039911
0.6646468102301402
0.6860692194650043
0.6940750167306108
0.7085406642036376
0.7344352774282543
0.689050688791506
0.7185341076869118
0.7132889301680663
0.6755788644273131
0.744042234146982
0.7258773562132957
0.7242761967601744
0.6698367753540506
0.7094792749175363

Normalized R_Biomass_Ecoli_core_w_GAM

0.7014660556705979
0.8658721624683944
0.7891493126294227
0.8110701268691288
0.7891493126294227
0.8110701268691288
0.7562680912698634
0.8439513482286881
0.8549117553485411
0.7672284983897165
0.832990941108835
0.7781889055095695
0.8110701268691288
0.9206741980676598
0.9097137909478067
0.8987533838279534
0.8549117553485411
0.9864366407867783

