Reaction flux result

Flux : Normalized R_Biomass_Ecoli_core_w_GAM
Objective : Normalized sum

Flux	Objective
0.005	0.993748
0.0	0.993462
0.015	0.994319
0.01	0.994033
0.025	0.99489
0.02	0.994604
0.03	0.995175
0.035	0.995461
0.04	0.995746
0.045	0.996032
0.055	0.996603
0.05	0.996317
0.065	0.997174
0.06	0.996888
0.07	0.997459
0.075	0.997745
0.08	0.99803
0.085	0.998316
0.09	0.998601
0.095	0.998887
0.1	0.999172
0.105	0.999458
0.11	0.999743
0.115	0.999976
0.12	0.999742
0.125	0.999508
0.13	0.999274
0.135	0.99904
0.14	0.998806
0.145	0.998572
0.15	0.998338
0.155	0.998104
0.16	0.99787
0.165	0.997636
0.17	0.997402
0.175	0.997168
0.18	0.996934
0.19	0.996466
0.185	0.9967
0.195	0.996232
0.2	0.995998
0.205	0.995764
0.21	0.99553
0.215	0.995296
0.22	0.995062
0.225	0.994529
0.23	0.993873
0.235	0.993216
0.24	0.99256
0.245	0.991904
0.255	0.990592
0.25	0.991248
0.265	0.98928
0.26	0.989936
0.27	0.988624
0.275	0.987968
0.28	0.987311
0.29	0.985999
0.285	0.986655
0.295	0.985343
0.3	0.984687
0.305	0.984031
0.31	0.983375
0.315	0.982719
0.32	0.982062
0.325	0.981406
0.33	0.98075
0.335	0.980094
0.345	0.978782
0.34	0.979438
0.35	0.978126
0.355	0.97747
0.36	0.976813
0.365	0.976157
0.37	0.975501
0.375	0.974845
0.38	0.974189
0.39	0.972877
0.395	0.972221
0.385	0.973533
0.4	0.971565
0.405	0.970908
0.41	0.970252
0.415	0.969596
0.42	0.96894
0.425	0.968284
0.43	0.967628
0.435	0.966972
0.44	0.966316
0.445	0.965659
0.45	0.965003
0.46	0.963691
0.455	0.964347
0.465	0.963035
0.47	0.962379
0.475	0.961723
0.48	0.961067
0.485	0.96041
0.49	0.959754
0.495	0.959098
0.5	0.958442
0.505	0.957786
0.51	0.95713
0.515	0.956474
0.52	0.955818
0.525	0.955162
0.53	0.954505
0.535	0.953849
0.54	0.953193
0.545	0.952537
0.55	0.951881
0.555	0.951225
0.56	0.950569
0.565	0.949913
0.575	0.9486
0.57	0.949256
0.58	0.947944
0.585	0.947288
0.59	0.946632
0.595	0.945861
0.6	0.944997
0.605	0.944134
0.61	0.94327
0.615	0.942406
0.625	0.940679
0.62	0.941543
0.635	0.938952
0.63	0.939816
0.64	0.938088
0.645	0.937225
0.65	0.93634
0.655	0.934967
0.66	0.933595
0.665	0.932222
0.675	0.929476
0.67	0.930849
0.685	0.926731
0.69	0.925358
0.68	0.928103
0.7	0.922612
0.695	0.923985
0.705	0.921239
0.71	0.919867
0.715	0.918494
0.72	0.917121
0.725	0.915748
0.73	0.914375
0.735	0.913003
0.74	0.91163
0.745	0.910257
0.75	0.908884
0.755	0.907511
0.76	0.906139
0.765	0.904766
0.77	0.903393
0.775	0.90202
0.78	0.900647
0.785	0.899275
0.79	0.897902
0.795	0.896529
0.805	0.893783
0.8	0.895156
0.81	0.89241
0.815	0.891038
0.82	0.889665
0.825	0.888292
0.83	0.886919
0.835	0.885546
0.845	0.882801
0.84	0.884174
0.85	0.881428
0.855	0.880055
0.86	0.878682
0.865	0.87731
0.87	0.875906
0.875	0.874489
0.88	0.873073
0.885	0.871657
0.89	0.87024
0.895	0.868824
0.9	0.867407
0.905	0.865991
0.91	0.864574
0.915	0.863158
0.92	0.861741
0.925	0.860325
0.93	0.858909
0.94	0.856076
0.935	0.857492
0.945	0.854659
0.95	0.853243
0.955	0.851826
0.96	0.85041
0.965	0.848993
0.97	0.847577
0.975	0.846161
0.98	0.844744
0.985	0.843328
0.99	0.839985
0.995	0.835707
1.0	0.816151

Experimental values
0.909714	0.709858
0.986437	0.692502
0.81107	0.677658
0.81107	0.667723
0.81107	0.65662
0.898753	0.708163
0.843951	0.691508
0.701466	0.66188
0.865872	0.680288
0.854912	0.718916
0.854912	0.650542
0.789149	0.688294
0.789149	0.645049
0.778189	0.696534
0.756268	0.676197
0.832991	0.702086
0.767228	0.670879
0.920674	0.729084
