Reaction flux result

Flux : R_EX_o2_e
Objective : R_Biomass_Ecoli_core_w_GAM

Flux	Objective
-20.0	0.832614
-19.95	0.831466
-19.9	0.830318
-19.85	0.82917
-19.8	0.828023
-19.7	0.825727
-19.75	0.826875
-19.65	0.824579
-19.6	0.823432
-19.55	0.822284
-19.5	0.821136
-19.45	0.819988
-19.4	0.81884
-19.35	0.817693
-19.3	0.816545
-19.25	0.815397
-19.2	0.814249
-19.15	0.813102
-19.1	0.811954
-19.05	0.810806
-19.0	0.809658
-18.95	0.808511
-18.9	0.807363
-18.85	0.806215
-18.8	0.805067
-18.7	0.802772
-18.75	0.80392
-18.65	0.801624
-18.6	0.800476
-18.55	0.799328
-18.45	0.797033
-18.5	0.798181
-18.4	0.795885
-18.35	0.794737
-18.3	0.79359
-18.25	0.792442
-18.2	0.791294
-18.15	0.790146
-18.1	0.788999
-18.05	0.787851
-18.0	0.786703
-17.95	0.785555
-17.9	0.784408
-17.85	0.78326
-17.8	0.782112
-17.7	0.779816
-17.75	0.780964
-17.65	0.778669
-17.6	0.777521
-17.55	0.776373
-17.5	0.775225
-17.45	0.774078
-17.4	0.77293
-17.35	0.771782
-17.3	0.770634
-17.25	0.769487
-17.2	0.768339
-17.15	0.767191
-17.05	0.764896
-17.1	0.766043
-17.0	0.763748
-16.9	0.761452
-16.95	0.7626
-16.85	0.760304
-16.8	0.759157
-16.75	0.758009
-16.7	0.756861
-16.65	0.755713
-16.6	0.754566
-16.55	0.753418
-16.5	0.75227
-16.45	0.751122
-16.35	0.748827
-16.4	0.749975
-16.3	0.747679
-16.25	0.746531
-16.2	0.745384
-16.15	0.744236
-16.1	0.743088
-16.05	0.74194
-16.0	0.740793
-15.95	0.739645
-15.9	0.738497
-15.85	0.737349
-15.8	0.736201
-15.75	0.735054
-15.7	0.733906
-15.6	0.73161
-15.65	0.732758
-15.55	0.730463
-15.5	0.729315
-15.45	0.728167
-15.4	0.727019
-15.35	0.725872
-15.3	0.724724
-15.25	0.723576
-15.2	0.722428
-15.15	0.721281
-15.1	0.720133
-15.05	0.718985
-15.0	0.717837
-14.95	0.716689
-14.9	0.715542
-14.85	0.714394
-14.8	0.713246
-14.75	0.712098
-14.7	0.710951
-14.65	0.709803
-14.6	0.708535
-14.55	0.70691
-14.45	0.703661
-14.5	0.705285
-14.4	0.702036
-14.35	0.700411
-14.3	0.698786
-14.25	0.697161
-14.2	0.695537
-14.15	0.693912
-14.1	0.692287
-14.05	0.690662
-14.0	0.689037
-13.95	0.687412
-13.9	0.685788
-13.85	0.684163
-13.8	0.682538
-13.75	0.680913
-13.7	0.679288
-13.6	0.676039
-13.65	0.677663
-13.5	0.672789
-13.55	0.674414
-13.45	0.671164
-13.4	0.669539
-13.3	0.66629
-13.35	0.667914
-13.25	0.664665
-13.2	0.66304
-13.15	0.661415
-13.1	0.65979
-13.05	0.658165
-12.95	0.654916
-13.0	0.656541
-12.85	0.651666
-12.9	0.653291
-12.8	0.650041
-12.75	0.648416
-12.7	0.646792
-12.65	0.645167
-12.6	0.643542
-12.55	0.641917
-12.5	0.640292
-12.45	0.638667
-12.4	0.637043
-12.35	0.635418
-12.3	0.633793
-12.25	0.632168
-12.2	0.630543
-12.15	0.628918
-12.1	0.627294
-12.05	0.625669
-11.95	0.622419
-12.0	0.624044
-11.9	0.620794
-11.85	0.619169
-11.8	0.617545
-11.75	0.61592
-11.7	0.614295
-11.65	0.61267
-11.6	0.611045
-11.55	0.60942
-11.5	0.607796
-11.45	0.606171
-11.4	0.604546
-11.35	0.602921
-11.3	0.601296
-11.25	0.599671
-11.2	0.598047
-11.15	0.596422
-11.1	0.594797
-11.05	0.593172
-11.0	0.591547
-10.95	0.589922
-10.9	0.588298
-10.85	0.586673
-10.8	0.585048
-10.75	0.583423
-10.7	0.581798
-10.65	0.580173
-10.6	0.578549
-10.55	0.576924
-10.5	0.575299
-10.45	0.573674
-10.4	0.572049
-10.35	0.570424
-10.3	0.5688
-10.25	0.567175
-10.2	0.56555
-10.15	0.563925
-10.1	0.5623
-10.05	0.560675
-10.0	0.559051
-9.9	0.555801
-9.95	0.557426
-9.85	0.554176
-9.8	0.552551
-9.75	0.550926
-9.7	0.549302
-9.65	0.547677
-9.6	0.546052
-9.55	0.544427
-9.5	0.542802
-9.45	0.541177
-9.4	0.539553
-9.35	0.537928
-9.3	0.536303
-9.25	0.534678
-9.2	0.533053
-9.15	0.531428
-9.1	0.529804
-9.05	0.528179
-9.0	0.526554
-8.95	0.524929
-8.85	0.521679
-8.9	0.523304
-8.8	0.520055
-8.75	0.51843
-8.7	0.516805
-8.65	0.51518
-8.6	0.513555
-8.55	0.51193
-8.5	0.510306
-8.45	0.508681
-8.4	0.507056
-8.35	0.505431
-8.3	0.503806
-8.25	0.502181
-8.2	0.500557
-8.15	0.498932
-8.05	0.495682
-8.1	0.497307
-8.0	0.494057
-7.95	0.492432
-7.9	0.490808
-7.8	0.487558
-7.85	0.489183
-7.75	0.485933
-7.7	0.484308
-7.65	0.482683
-7.6	0.481059
-7.55	0.479434
-7.5	0.477809
-7.4	0.474559
-7.45	0.476184
-7.35	0.472934
-7.3	0.47131
-7.2	0.46806
-7.25	0.469685
-7.15	0.466435
-7.1	0.46481
-7.05	0.463185
-7.0	0.461561
-6.95	0.459936
-6.9	0.458311
-6.85	0.456686
-6.8	0.455061
-6.75	0.453437
-6.7	0.451812
-6.65	0.450187
-6.6	0.448562
-6.55	0.446937
-6.5	0.445312
-6.45	0.443688
-6.4	0.442044
-6.35	0.440245
-6.3	0.438445
-6.25	0.436645
-6.2	0.434845
-6.15	0.433045
-6.1	0.431245
-6.05	0.429445
-6.0	0.427646
-5.95	0.425846
-5.9	0.424046
-5.85	0.422246
-5.8	0.420446
-5.75	0.418646
-5.65	0.415047
-5.7	0.416846
-5.6	0.413247
-5.55	0.411447
-5.5	0.409647
-5.45	0.407847
-5.4	0.406047
-5.3	0.402448
-5.35	0.404247
-5.25	0.400648
-5.2	0.398848
-5.15	0.397048
-5.1	0.395248
-5.05	0.393448
-5.0	0.391648
-4.95	0.389849
-4.85	0.386249
-4.9	0.388049
-4.8	0.384449
-4.75	0.382649
-4.7	0.380849
-4.6	0.37725
-4.65	0.379049
-4.55	0.37545
-4.5	0.37365
-4.45	0.37185
-4.4	0.37005
-4.35	0.36825
-4.3	0.36645
-4.2	0.362851
-4.25	0.364651
-4.15	0.361051
-4.1	0.359251
-4.05	0.357451
-4.0	0.355651
-3.9	0.352052
-3.95	0.353851
-3.8	0.348452
-3.85	0.350252
-3.75	0.346652
-3.7	0.344852
-3.65	0.343052
-3.6	0.341253
-3.55	0.339453
-3.5	0.337653
-3.45	0.335853
-3.4	0.334053
-3.35	0.332253
-3.25	0.328654
-3.3	0.330453
-3.2	0.326854
-3.15	0.325054
-3.1	0.323254
-3.05	0.321454
-3.0	0.319654
-2.95	0.317854
-2.9	0.316055
-2.85	0.314255
-2.8	0.312455
-2.75	0.310655
-2.7	0.308855
-2.65	0.307055
-2.6	0.305255
-2.55	0.303456
-2.5	0.301656
-2.45	0.299856
-2.4	0.298056
-2.35	0.296256
-2.3	0.294456
-2.25	0.292656
-2.2	0.290857
-2.15	0.289057
-2.1	0.287257
-2.05	0.285457
-2.0	0.283657
-1.95	0.281857
-1.9	0.280057
-1.85	0.278258
-1.8	0.276458
-1.75	0.274658
-1.7	0.272858
-1.65	0.271058
-1.6	0.269258
-1.55	0.267458
-1.5	0.265659
-1.45	0.263859
-1.4	0.262059
-1.35	0.260259
-1.3	0.258459
-1.2	0.254859
-1.25	0.256659
-1.15	0.25306
-1.1	0.25126
-1.05	0.24946
-1.0	0.24766
-0.95	0.24586
-0.9	0.24406
-0.85	0.24226
-0.8	0.240461
-0.75	0.238661
-0.7	0.236861
-0.65	0.235061
-0.6	0.233261
-0.55	0.231461
-0.5	0.229661
-0.45	0.227862
-0.4	0.226062
-0.35	0.224262
-0.3	0.222462
-0.25	0.220662
-0.2	0.218862
-0.15	0.217063
-0.05	0.213463
-0.1	0.215263

Experimental values
