Normalized sum

0.661879539574694
0.6802878085987121
0.6882939446504279
0.6776580558809953
0.6450491221813062
0.6677234345029537
0.6761970821489303
0.6915080868609708
0.7189159540745088
0.670879137764214
0.702085536681121
0.6965338364992741
0.6566200341392603
0.7290843312496806
0.7098579169357062
0.7081631874065109
0.6505423834138703
0.6925015489987749

Normalized atpYield

0.17825533447278646
0.15984398537231087
0.1707234189316828
0.1431063952809694
0.14729079280380478
0.14478015429010355
0.17323405744538403
0.1548227083449084
0.16570214190428037
0.16653902140884744
0.15649646735404257
0.15314894933577428
0.1464539132992377
0.1548227083449084
0.15063831082207307
0.14812767230837184
0.16653902140884744
0.11716313063939016

Normalized R_Biomass_Ecoli_core_w_GAM

0.7014660556699008
0.8658721624675338
0.7891493126286385
0.8110701268683229
0.7891493126286385
0.8110701268683229
0.7562680912691119
0.8439513482278495
0.8549117553476916
0.767228498388954
0.8329909411080072
0.7781889055087962
0.8110701268683229
0.9206741980667449
0.9097137909469027
0.8987533838270604
0.8549117553476916
0.9864366407857981

